 ##### Results ##### 

Params :
--------
• Number of ants : 1
• Number of iterations : 100
• Decay factor : 0.5
• Pheromones and distance weights : 1 / 1
• Random start : False


--- gr120.tsp ---
• Number of cities : 120
• Weight result : 13261.0
[(0, 75), (75, 29), (29, 28), (28, 119), (119, 60), (60, 73), (73, 31), (31, 69), (69, 115), (115, 25), (25, 33), (33, 102), (102, 22), (22, 2), (2, 81), (81, 8), (8, 10), (10, 114), (114, 1), (1, 92), (92, 20), (20, 108), (108, 63), (63, 11), (11, 96), (96, 94), (94, 76), (76, 62), (62, 72), (72, 113), (113, 103), (103, 98), (98, 61), (61, 66), (66, 36), (36, 82), (82, 83), (83, 7), (7, 89), (89, 70), (70, 46), (46, 47), (47, 101), (101, 100), (100, 111), (111, 109), (109, 54), (54, 88), (88, 5), (5, 35), (35, 105), (105, 38), (38, 34), (34, 9), (9, 37), (37, 6), (6, 55), (55, 40), (40, 12), (12, 87), (87, 79), (79, 26), (26, 4), (4, 52), (52, 3), (3, 86), (86, 43), (43, 74), (74, 84), (84, 17), (17, 85), (85, 13), (13, 44), (44, 77), (77, 93), (93, 80), (80, 65), (65, 30), (30, 21), (21, 16), (16, 48), (48, 117), (117, 41), (41, 97), (97, 49), (49, 45), (45, 19), (19, 18), (18, 116), (116, 107), (107, 24), (24, 78), (78, 57), (57, 90), (90, 32), (32, 51), (51, 99), (99, 67), (67, 42), (42, 64), (64, 112), (112, 68), (68, 106), (106, 23), (23, 110), (110, 95), (95, 53), (53, 39), (39, 71), (71, 58), (58, 14), (14, 27), (27, 91), (91, 15), (15, 59), (59, 104), (104, 118), (118, 56), (56, 50), (50, 0)]

--- gr24.tsp ---
• Number of cities : 24
• Weight result : 1748.0
[(0, 15), (15, 5), (5, 6), (6, 20), (20, 9), (9, 7), (7, 4), (4, 14), (14, 16), (16, 2), (2, 10), (10, 21), (21, 17), (17, 18), (18, 1), (1, 19), (19, 13), (13, 22), (22, 8), (8, 12), (12, 3), (3, 11), (11, 23), (23, 0)]

--- gr17.tsp ---
• Number of cities : 17
• Weight result : 2713.0
[(0, 12), (12, 3), (3, 6), (6, 7), (7, 16), (16, 13), (13, 2), (2, 5), (5, 14), (14, 4), (4, 10), (10, 9), (9, 1), (1, 15), (15, 8), (8, 11), (11, 0)]

--- gr21.tsp ---
• Number of cities : 21
• Weight result : 3746.0
[(0, 11), (11, 6), (6, 7), (7, 5), (5, 15), (15, 4), (4, 18), (18, 16), (16, 9), (9, 17), (17, 20), (20, 14), (14, 13), (13, 12), (12, 1), (1, 2), (2, 8), (8, 10), (10, 19), (19, 3), (3, 0)]

--- gr48.tsp ---
• Number of cities : 48
• Weight result : 6901.0
[(0, 8), (8, 13), (13, 20), (20, 26), (26, 16), (16, 30), (30, 11), (11, 9), (9, 23), (23, 14), (14, 32), (32, 7), (7, 21), (21, 31), (31, 4), (4, 39), (39, 19), (19, 37), (37, 29), (29, 18), (18, 3), (3, 22), (22, 33), (33, 2), (2, 24), (24, 42), (42, 44), (44, 1), (1, 34), (34, 41), (41, 38), (38, 46), (46, 36), (36, 25), (25, 5), (5, 10), (10, 35), (35, 15), (15, 47), (47, 12), (12, 28), (28, 6), (6, 27), (27, 45), (45, 17), (17, 40), (40, 43), (43, 0)]